a01-000u 000 2 prt 7 5 52 36
a01-000x 001 2 all 6 6 52 52
a01-003 002 3 prt 11 10 81 71
a01-003u 000 3 prt 11 10 80 73
a01-003x 003 3 prt 9 6 82 56
a01-007 004 3 all 9 9 69 69
a01-007u 000 3 all 10 10 68 68
a01-007x 003 3 all 8 8 69 69
a01-011 005 2 prt 7 6 68 58
a01-011u 000 2 all 10 10 68 68
a01-011x 006 2 prt 9 1 68 10
a01-014 007 5 prt 10 9 76 68
a01-014u 000 5 prt 9 8 59 53
a01-014x 008 5 all 10 10 76 76
a01-020 009 5 all 9 9 68 68
a01-020u 000 5 all 10 10 68 68
a01-020x 010 5 all 9 9 69 69
a01-026 009 3 prt 10 8 77 62
a01-026u 000 3 all 11 11 77 77
a01-026x 008 3 prt 10 8 78 63
a01-030 005 7 prt 8 6 85 63
a01-030u 000 7 prt 11 10 85 75
a01-030x 010 6 prt 9 8 76 68
a01-038 007 4 prt 13 12 86 77
a01-038x 011 4 prt 9 5 82 43
a01-043 012 5 prt 11 8 68 50
a01-043u 000 5 all 10 10 68 68
a01-043x 011 5 all 8 8 67 67
a01-049 012 3 prt 11 9 79 68
a01-049u 000 3 prt 11 10 75 70
a01-049x 000 3 prt 11 9 82 68
a01-053 013 4 prt 11 7 72 46
a01-053u 000 4 all 10 10 69 69
a01-053x 014 4 prt 10 8 68 55
a01-058 013 4 prt 10 7 68 48
a01-058u 000 4 all 9 9 67 67
a01-058x 014 4 all 10 10 66 66
a01-063 013 4 prt 11 9 78 60
a01-063u 000 4 prt 10 9 77 69
a01-063x 015 4 prt 10 6 77 50
a01-068u 000 3 all 10 10 70 70
a01-072u 000 4 all 9 9 66 66
a01-072x 001 4 prt 8 6 65 47
a01-077 016 4 all 10 10 66 66
a01-077u 000 4 prt 9 8 65 56
a01-082u 000 4 all 10 10 62 62
a01-087 017 3 prt 9 8 65 58
a01-087u 000 3 all 9 9 64 64
a01-091 016 4 all 11 11 71 71
a01-091u 000 4 all 10 10 71 71
a01-096u 000 5 prt 11 9 82 65
a01-102 016 4 prt 11 8 75 52
a01-102u 000 4 prt 9 8 75 67
a01-107 018 5 prt 5 3 67 38
a01-107u 000 5 prt 8 7 68 59
a01-113 018 3 all 9 9 84 84
a01-113u 000 3 all 11 11 84 84
a01-117 019 4 prt 10 9 93 80
a01-117u 000 4 all 11 11 87 87
a01-122 019 5 prt 8 6 84 62
a01-122u 000 5 all 11 11 84 84
a01-128 019 3 prt 9 6 84 54
a01-128u 000 3 prt 11 8 84 60
a01-132 020 3 prt 12 10 70 62
a01-132u 000 3 all 10 10 70 70
a01-132x 000 3 all 9 9 69 69
a02-000 021 3 all 8 8 65 65
a02-004 022 3 prt 11 9 76 63
a02-008 023 3 prt 9 8 79 70
a02-012 024 4 prt 10 9 66 60
a02-017 025 2 prt 8 7 71 56
a02-020 025 3 all 7 7 62 62
a02-024 025 2 prt 8 7 63 55
a02-027 025 4 all 10 10 89 89
a02-032 025 4 all 7 7 70 70
a02-037 026 4 prt 10 8 87 68
a02-042 026 3 prt 8 5 69 37
a02-046 027 3 prt 8 7 79 69
a02-050 028 2 prt 8 7 62 51
a02-053 029 3 prt 8 7 77 64
a02-057 030 4 prt 9 6 65 45
a02-062 031 4 prt 8 2 60 12
a02-067 032 4 prt 10 9 73 65
a02-072 033 5 all 8 8 88 88
a02-078 034 3 prt 10 7 80 58
a02-082 035 3 all 8 8 64 64
a02-086 036 3 prt 8 7 66 56
a02-090 026 2 prt 7 4 64 40
a02-093 026 4 prt 9 8 73 69
a02-098 026 3 prt 9 6 77 52
a02-102 037 3 prt 9 8 68 59
a02-106 037 4 all 10 10 83 83
a02-111 037 4 prt 12 10 83 70
a02-116 038 3 prt 9 7 66 47
a02-120 039 3 prt 11 10 80 71
a02-124 037 1 all 6 6 41 41
a03-006 040 2 all 9 9 80 80
a03-009 041 1 prt 8 6 64 43
a03-011 042 2 all 9 9 84 84
a03-014 043 2 prt 10 9 66 60
a03-017 044 2 all 9 9 71 71
a03-020 045 2 prt 11 3 58 16
a03-023 046 3 all 11 11 75 75
a03-027 047 2 prt 10 9 83 74
a03-030 048 3 prt 10 9 75 67
a03-034 049 2 all 8 8 66 66
a03-037 050 2 all 8 8 74 74
a03-040 051 2 all 7 7 66 66
a03-043 052 3 all 9 9 65 65
a03-047 037 2 all 11 11 86 86
a03-050 000 3 prt 9 7 64 49
a03-054 053 4 prt 11 9 77 64
a03-059 054 4 prt 12 8 81 50
a03-063 055 3 prt 11 10 98 88
a03-066 056 1 all 8 8 58 58
a03-071 000 1 prt 9 7 74 59
a03-073 000 3 prt 12 11 93 84
a03-080 000 2 prt 10 8 70 55
a03-089 000 1 prt 4 3 24 15
a04-000 058 2 all 7 7 49 49
a04-003 058 2 all 8 8 55 55
a04-006 058 3 prt 11 10 91 82
a04-010 058 4 all 9 9 72 72
a04-015 059 3 all 8 8 83 83
a04-019 059 3 all 8 8 89 89
a04-023 059 3 prt 7 5 82 57
a04-027 059 3 all 6 6 74 74
a04-031 060 3 all 10 10 86 86
a04-035 060 3 prt 10 9 83 75
a04-039 060 3 all 10 10 83 83
a04-043 060 3 all 9 9 68 68
a04-047 061 2 all 9 9 75 75
a04-050 061 3 all 7 7 63 63
a04-054 061 4 all 7 7 69 69
a04-059 061 3 prt 8 7 74 66
a04-066 062 2 prt 9 7 61 45
a04-069 062 2 prt 9 7 68 55
a04-072 062 4 prt 11 10 76 67
a04-081 063 3 all 10 10 60 60
a04-085 063 3 all 10 10 67 67
a04-089 063 2 all 10 10 73 73
a04-092 064 3 all 11 11 89 89
a04-096 064 2 all 10 10 75 75
a04-099 064 3 prt 11 10 85 73
a04-103 064 2 all 9 9 68 68
a05-000 000 3 all 8 8 57 57
a05-004 065 4 prt 10 8 81 66
a05-009 065 3 all 8 8 61 61
a05-013 000 3 prt 9 6 60 35
a05-017 000 4 prt 11 10 74 66
a05-022 000 2 all 9 9 63 63
a05-025 000 3 prt 11 10 74 68
a05-029 000 4 all 10 10 72 72
a05-039 000 4 prt 11 8 79 57
a05-044 000 3 prt 11 10 77 68
a05-048 000 4 all 11 11 85 85
a05-053 000 4 prt 11 10 87 78
a05-058 000 3 all 9 9 66 66
a05-062 000 2 prt 9 5 72 39
a05-069 000 3 prt 11 10 76 70
a05-073 000 6 prt 11 9 92 74
a05-080 000 3 prt 10 9 63 54
a05-084 000 4 all 10 10 69 69
a05-089 000 4 prt 11 10 87 76
a05-094 000 4 prt 11 10 87 80
a05-099 000 4 prt 10 9 81 76
a05-104 000 3 prt 10 9 67 60
a05-108 000 4 prt 8 7 59 52
a05-113 000 2 prt 10 9 70 61
a05-116 000 4 prt 10 8 74 59
a05-121 000 3 prt 10 9 65 56
a05-125 000 3 all 8 8 45 45
a06-000 066 3 all 8 8 63 63
a06-004 066 3 all 10 10 73 73
a06-008 067 5 prt 8 6 77 54
a06-014 068 5 prt 11 10 74 64
a06-020 069 4 all 6 6 74 74
a06-025 070 5 all 9 9 61 61
a06-036 071 2 all 8 8 66 66
a06-039 072 4 prt 11 8 75 54
a06-044 073 6 prt 7 6 70 58
a06-051 074 5 all 9 9 74 74
a06-057 075 6 all 6 6 75 75
a06-064 076 5 prt 10 9 77 67
a06-070 077 4 all 9 9 69 69
a06-075 078 4 all 9 9 68 68
a06-090 079 4 all 9 9 78 78
a06-095 080 4 all 11 11 72 72
a06-100 081 5 prt 7 6 78 67
a06-110 082 3 prt 9 8 50 43
a06-114 083 4 all 10 10 67 67
a06-119 084 4 prt 10 9 61 58
a06-124 085 3 all 6 6 67 67
a06-128 084 5 prt 11 9 67 55
a06-134 085 6 prt 8 6 88 67
a06-141 085 5 all 7 7 68 68
a06-147 085 4 prt 7 6 76 65
a06-152 086 4 prt 11 10 68 62
a06-157 085 3 prt 4 2 46 23
b01-000 087 3 all 7 7 50 50
b01-004 087 4 all 8 8 65 65
b01-009 087 4 all 8 8 61 61
b01-014 088 3 prt 9 7 77 62
b01-018 088 4 prt 9 8 74 63
b01-023 088 3 all 7 7 60 60
b01-027 089 5 prt 9 8 73 66
b01-033 089 4 all 6 6 54 54
b01-038 089 5 prt 11 10 99 92
b01-044 090 4 all 7 7 64 64
b01-049 090 3 prt 8 6 69 51
b01-053 090 3 prt 8 5 65 36
b01-057 017 4 all 11 11 95 95
b01-062 017 5 prt 10 9 75 68
b01-073 091 5 prt 11 10 87 78
b01-079 091 4 all 11 11 90 90
b01-084 092 4 prt 8 6 72 56
b01-089 092 4 prt 10 8 81 65
b01-094 092 4 prt 10 8 69 53
b01-113 093 4 all 8 8 77 77
b01-118 093 3 all 9 9 79 79
b01-122 093 4 all 9 9 79 79
b01-127 094 4 prt 10 9 73 65
b01-132 094 3 prt 9 8 71 64
b01-136 094 4 prt 8 7 73 63
b02-013 095 2 prt 10 8 73 59
b02-035 095 3 prt 11 9 78 63
b02-045 096 3 all 9 9 94 94
b02-097 097 4 all 9 9 81 81
b02-102 098 2 all 7 7 62 62
b02-105 099 2 all 6 6 42 42
b03-025 100 2 all 7 7 65 65
b03-087 102 4 all 6 6 74 74
b03-092 102 5 all 7 7 72 72
b03-098 103 5 all 10 10 79 79
b03-104 104 4 all 10 10 78 78
b03-109 105 4 prt 9 6 84 52
b03-114 106 5 all 9 9 67 67
b04-000 107 3 all 7 7 50 50
b04-004 107 5 all 11 11 75 75
b04-010 107 9 all 10 10 77 77
b04-020 107 5 all 9 9 69 69
b04-026 108 7 prt 7 3 86 35
b04-034 108 5 all 6 6 66 66
b04-040 108 6 all 6 6 71 71
b04-047 108 6 all 6 6 68 68
b04-054 109 5 all 7 7 66 66
b04-060 109 5 all 7 7 69 69
b04-066 109 8 all 7 7 71 71
b04-075 109 5 all 6 6 68 68
b04-081 110 7 prt 7 4 70 36
b04-089 110 6 prt 8 3 73 27
b04-096 110 6 prt 8 6 71 56
b04-103 110 3 prt 7 3 65 28
b04-107 111 8 all 9 9 74 74
b04-116 111 4 all 8 8 79 79
b04-121 111 6 all 7 7 66 66
b04-128 111 5 all 7 7 70 70
b04-134 112 5 all 10 10 84 84
b04-140 112 6 all 9 9 73 73
b04-147 112 6 all 8 8 72 72
b04-154 112 7 all 8 8 69 69
b04-162 113 6 all 9 9 70 70
b04-169 113 5 prt 8 6 65 48
b04-175 113 5 prt 9 7 70 55
b04-181 113 5 all 8 8 61 61
b04-187 114 7 all 8 8 74 74
b04-195 114 6 all 7 7 62 62
b04-202 114 5 all 8 8 73 73
b04-208 114 1 all 3 3 19 19
b05-017 115 6 all 6 6 65 65
b05-032 116 5 all 11 11 98 98
b05-038 117 3 prt 9 8 64 54
b05-042 117 2 prt 11 9 92 74
b05-045 117 4 prt 10 8 80 61
b05-050 117 4 prt 9 7 63 42
b05-055 118 2 all 5 5 61 61
b05-058 118 3 prt 6 5 68 60
b05-062 118 4 all 6 6 62 62
b05-067 118 3 prt 7 6 79 67
b05-071 118 2 prt 6 5 59 49
b05-074 119 4 all 11 11 105 105
b05-079 120 3 all 10 10 65 65
b05-083 121 4 prt 9 8 69 65
b05-088 122 4 prt 8 6 77 55
b05-098 121 3 all 10 10 75 75
b06-000 123 3 all 8 8 72 72
b06-004 124 3 all 8 8 64 64
b06-008 125 3 all 10 10 75 75
b06-012 126 2 prt 6 5 60 51
b06-015 127 3 prt 11 9 68 52
b06-019 128 3 prt 10 8 72 52
b06-023 123 3 all 8 8 71 71
b06-027 129 4 prt 10 5 61 26
b06-032 130 3 all 7 7 57 57
b06-036 126 5 prt 8 7 91 77
b06-042 131 2 prt 11 10 83 71
b06-045 132 3 prt 9 8 69 66
b06-049 124 3 all 10 10 77 77
b06-053 127 2 prt 11 9 58 46
b06-056 125 2 prt 11 10 77 67
b06-059 130 4 prt 11 9 82 70
b06-064 133 3 all 11 11 70 70
b06-068 131 2 all 11 11 70 70
b06-071 128 3 prt 10 9 65 58
b06-075 124 3 all 11 11 90 90
b06-079 130 2 all 10 10 81 81
b06-082 132 4 prt 10 8 81 67
b06-087 134 2 all 9 9 69 69
b06-090 134 2 prt 8 7 62 58
b06-093 125 3 all 11 11 71 71
b06-097 123 2 all 8 8 63 63
b06-100 133 4 prt 10 9 68 59
b06-110 126 4 all 8 8 69 69
c01-009 135 4 prt 11 9 86 64
c01-014 135 3 prt 11 8 93 67
c01-066 136 2 all 10 10 70 70
c02-000 137 2 all 10 10 79 79
c02-003 138 3 prt 9 8 71 63
c02-007 139 4 prt 9 7 76 58
c02-012 140 4 prt 10 9 88 77
c02-017 139 4 all 10 10 76 76
c02-022 140 3 all 9 9 65 65
c02-026 141 3 prt 9 7 73 55
c02-030 142 4 prt 9 7 77 59
c02-035 143 2 prt 6 5 65 54
c02-049 144 2 prt 11 8 82 53
c02-056 145 2 prt 9 8 86 75
c02-059 146 4 prt 11 10 89 86
c02-078 147 3 prt 10 8 100 79
c02-082 148 3 prt 10 8 71 57
c02-089 149 1 prt 7 4 43 21
c03-000a 150 2 prt 8 7 60 53
c03-000b 151 2 all 7 7 60 60
c03-000c 152 2 all 8 8 61 61
c03-000d 153 2 all 8 8 61 61
c03-000e 154 2 prt 8 6 60 45
c03-000f 155 2 all 9 9 60 60
c03-003a 150 3 prt 9 7 79 63
c03-003b 151 3 prt 8 7 79 69
c03-007 156 2 prt 8 7 69 59
c03-003c 152 3 all 9 9 80 80
c03-003d 153 3 prt 9 8 80 72
c03-003e 154 3 prt 9 8 80 69
c03-003f 155 3 prt 10 8 80 63
c03-007a 150 2 all 8 8 69 69
c03-007b 151 2 prt 8 7 69 61
c03-007c 152 2 prt 9 7 69 60
c03-007d 153 2 all 9 9 69 69
c03-007e 154 2 all 9 9 70 70
c03-007f 155 2 all 9 9 70 70
c03-016a 150 4 all 10 10 85 85
c03-016b 151 4 prt 10 7 88 61
c03-016c 152 4 prt 10 7 88 62
c03-016d 153 4 prt 11 10 88 80
c03-016e 154 4 prt 11 10 89 82
c03-021a 150 3 prt 10 9 90 79
c03-021b 151 3 prt 9 6 89 62
c03-021c 152 3 prt 10 9 89 79
c03-021d 153 3 all 10 10 89 89
c03-021e 154 3 prt 11 10 91 86
c03-021f 155 3 prt 10 7 82 54
c03-081a 150 2 all 10 10 81 81
c03-081b 151 2 prt 10 9 81 73
c03-081c 152 2 prt 9 8 81 70
c03-081d 153 2 all 11 11 81 81
c03-081e 154 2 prt 11 10 82 71
c03-081f 155 2 prt 10 9 79 69
c03-084a 150 2 all 8 8 63 63
c03-084b 151 2 prt 8 4 63 30
c03-084c 152 2 prt 7 3 64 24
c03-084d 153 2 all 9 9 65 65
c03-084e 154 2 prt 8 7 63 54
c03-084f 155 2 prt 9 7 63 45
c03-087a 150 2 prt 9 8 66 59
c03-087b 151 2 prt 9 7 66 50
c03-087c 152 2 prt 8 7 68 63
c03-087d 153 2 all 10 10 66 66
c03-087e 154 2 all 9 9 68 68
c03-087f 155 2 prt 9 8 66 59
c03-094a 150 1 prt 10 9 80 72
c03-094b 151 1 prt 10 8 78 62
c03-094c 152 1 prt 9 8 79 70
c03-094d 153 1 all 11 11 79 79
c03-094e 154 1 prt 10 7 79 55
c03-094f 155 1 prt 10 9 79 70
c03-096a 150 3 all 9 9 67 67
c03-096b 151 3 prt 8 7 67 61
c03-096c 152 3 all 8 8 67 67
c03-096d 153 3 all 9 9 67 67
c03-096e 154 3 all 8 8 67 67
c03-096f 155 3 all 9 9 67 67
c04-000 157 3 all 5 5 50 50
c04-004 157 3 all 8 8 78 78
c04-008 158 4 prt 9 6 96 55
c04-013 158 3 prt 7 5 62 43
c04-017 159 5 prt 8 7 79 65
c04-023 160 4 all 6 6 54 54
c04-028 160 6 prt 8 6 75 58
c04-035 159 3 prt 8 6 70 49
c04-039 161 4 prt 9 6 68 41
c04-044 161 5 prt 9 4 77 30
c04-050 162 5 all 9 9 82 82
c04-056 162 4 prt 9 7 77 62
c04-061 163 4 prt 7 5 66 48
c04-066 163 8 prt 9 7 87 66
c04-075 164 4 prt 7 4 85 49
c04-080 165 8 all 7 7 65 65
c04-089 166 8 prt 8 5 101 66
c04-098 166 6 prt 7 6 83 74
c04-105 167 4 all 8 8 63 63
c04-110 168 5 prt 4 2 70 32
c04-116 168 5 all 4 4 77 77
c04-122 164 5 prt 8 4 106 47
c04-128 165 5 prt 8 5 80 47
c04-134 169 4 prt 7 3 77 22
c04-139 169 4 all 7 7 77 77
c04-144 170 5 prt 8 6 78 55
c04-150 170 5 prt 8 6 81 69
c04-156 171 3 all 7 7 52 52
c04-160 171 4 prt 10 6 84 49
c04-165 172 4 prt 9 5 83 41
c04-170 172 3 all 5 5 37 37
c06-000 130 4 all 7 7 60 60
c06-005 125 5 all 9 9 73 73
c06-011 173 2 all 9 9 70 70
c06-014 129 5 prt 10 1 76 6
c06-020 125 6 prt 8 6 74 56
c06-027 128 3 prt 8 6 79 58
c06-031 130 7 prt 8 6 71 50
c06-039 123 3 all 8 8 72 72
c06-043 133 3 prt 10 9 65 56
c06-047 132 4 prt 7 5 73 50
c06-052 126 5 prt 7 4 70 43
c06-058 131 3 all 7 7 61 61
c06-076 128 3 prt 10 8 90 73
c06-080 133 2 prt 10 8 71 55
c06-083 174 3 all 9 9 82 82
c06-087 126 3 prt 8 5 78 46
c06-091 132 3 prt 6 4 72 52
c06-095 131 4 prt 8 7 69 59
c06-100 123 2 prt 8 7 80 73
c06-103 129 2 prt 10 5 67 29
c06-106 127 4 prt 11 7 80 53
c06-111 124 4 all 8 8 62 62
c06-116 133 6 prt 11 10 79 71
c06-128 128 4 prt 9 8 69 61
c06-138 129 1 prt 11 6 54 26
d01-016 175 2 all 4 4 54 54
d01-019 175 4 all 6 6 89 89
d01-024 176 3 prt 9 8 65 61
d01-049 177 2 prt 9 8 76 69
d01-052 177 3 all 8 8 61 61
d01-056 178 3 prt 10 9 81 75
d01-060 178 3 all 10 10 71 71
d01-080 179 4 all 8 8 77 77
d01-085 179 4 prt 7 5 72 51
d01-098 180 5 prt 8 5 82 58
d01-104 180 5 prt 9 8 87 81
d01-118 181 4 all 7 7 69 69
d01-123 181 3 all 8 8 76 76
d03-112 182 4 all 9 9 70 70
d03-117 183 4 prt 9 8 75 65
d04-005 184 2 prt 8 6 71 48
d04-008 184 3 all 6 6 60 60
d04-012 185 3 prt 11 8 90 69
d04-016 185 4 prt 9 5 67 37
d04-021 186 6 all 8 8 74 74
d04-028 186 3 prt 7 4 86 44
d04-032 187 4 prt 11 8 101 71
d04-037 187 3 prt 7 4 67 34
d04-047 188 2 prt 9 8 69 66
d04-050 189 2 prt 6 5 64 56
d04-053 188 4 prt 11 8 100 72
d04-058 190 3 prt 7 2 80 23
d04-062 190 3 prt 5 3 62 37
d04-066 191 4 prt 10 6 99 50
d04-071 192 3 prt 8 7 67 61
d04-075 192 5 prt 10 8 93 72
d04-081 193 4 prt 9 8 70 63
d04-086 194 2 prt 7 5 82 50
d04-089 194 6 prt 8 5 85 45
d04-096 195 4 prt 8 5 93 50
d04-101 195 5 prt 6 5 74 62
d04-111 196 5 prt 12 8 102 66
d04-117 197 3 prt 8 6 80 60
d04-121 197 3 prt 7 4 75 38
d04-125 198 5 prt 6 5 78 63
d04-131 198 5 prt 7 6 79 60
d05-008 199 4 all 8 8 67 67
d05-013 200 7 prt 9 3 87 26
d05-021 199 3 prt 9 5 87 52
d05-025 199 4 all 10 10 74 74
d05-030 199 5 all 9 9 78 78
d05-040 201 5 prt 6 5 63 53
d06-000 202 2 all 10 10 81 81
d06-003 203 4 all 7 7 84 84
d06-008 173 2 all 10 10 77 77
d06-011 204 3 all 10 10 71 71
d06-015 174 4 all 6 6 65 65
d06-020 173 4 all 10 10 82 82
d06-025 205 1 prt 8 5 65 41
d06-027 206 2 prt 8 7 70 60
d06-030 174 6 prt 6 5 63 60
d06-037 207 3 all 8 8 65 65
d06-041 208 4 all 8 8 66 66
d06-046 173 3 prt 10 8 87 68
d06-050 174 5 all 7 7 78 78
d06-056 206 3 prt 9 7 75 61
d06-060 208 2 all 10 10 76 76
d06-063 173 3 prt 11 10 93 84
d06-067 205 4 prt 10 7 73 47
d06-072 207 3 prt 11 8 97 75
d06-076 203 5 prt 6 5 73 59
d06-082 174 3 prt 6 5 63 49
d06-086 208 4 all 11 11 97 97
d06-091 202 4 prt 11 10 90 82
d06-096 206 3 prt 9 8 80 74
d06-100 207 3 prt 8 7 68 59
d06-104 205 2 all 11 11 72 72
d06-107 204 3 prt 11 8 78 56
d06-111 203 1 prt 7 5 82 64
d06-113 208 3 prt 5 3 45 22
d07-082 209 2 all 9 9 70 70
d07-085 209 3 all 8 8 66 66
d07-089 209 3 prt 11 10 93 83
d07-093 209 2 prt 9 8 69 64
d07-096 209 3 prt 10 6 89 50
d07-100 209 1 prt 10 9 76 69
d07-102 209 3 prt 8 7 74 66
e01-014 210 3 all 7 7 66 66
e01-018 210 3 prt 9 8 80 70
e01-022 211 2 all 7 7 48 48
e01-025 211 3 all 11 11 81 81
e01-029 212 2 all 9 9 68 68
e01-032 212 2 all 11 11 89 89
e01-035 212 2 prt 8 7 64 56
e01-050 213 4 all 8 8 61 61
e01-055 181 3 all 10 10 81 81
e01-059 213 2 all 7 7 62 62
e01-062 213 3 all 8 8 67 67
e01-081 214 4 prt 6 5 61 51
e01-086 214 5 prt 7 3 79 32
e01-092 215 4 all 8 8 70 70
e01-102 215 4 all 9 9 80 80
e01-107 216 5 all 10 10 83 83
e01-113 216 5 all 8 8 65 65
e01-119 217 6 all 8 8 79 79
e02-000 218 3 prt 8 7 64 55
e02-014 219 3 prt 7 5 60 50
e02-018 220 2 all 7 7 57 57
e02-021 221 3 prt 9 3 80 26
e02-025 222 2 prt 11 10 72 59
e02-074 223 3 prt 11 9 90 72
e02-082 224 3 prt 9 5 70 42
e02-086 225 4 all 10 10 103 103
e02-091 226 2 prt 9 7 61 42
e02-094 227 5 all 10 10 76 76
e02-100 228 3 prt 7 6 70 60
e02-117 229 3 prt 9 8 74 62
e04-000 158 3 all 8 8 64 64
e04-004 230 3 all 7 7 80 80
e04-008 230 2 prt 5 3 57 27
e04-011 231 3 all 9 9 72 72
e04-015 231 3 prt 8 7 69 58
e04-019 232 2 prt 9 8 62 56
e04-022 232 3 prt 8 6 66 54
e04-026 233 3 prt 7 4 73 41
e04-030 233 3 prt 7 6 69 58
e04-034 234 3 prt 8 5 83 44
e04-038 234 4 prt 7 6 63 53
e04-043 235 3 all 8 8 64 64
e04-052 235 5 prt 8 5 92 50
e04-058 236 3 all 7 7 70 70
e04-062 237 5 prt 9 4 87 31
e04-068 237 5 prt 7 4 78 44
e04-079 238 3 prt 10 8 61 47
e04-083 239 2 all 7 7 62 62
e04-086 240 4 prt 7 4 70 34
e04-091 241 3 prt 6 5 55 45
e04-095 241 3 all 7 7 64 64
e04-099 241 3 all 7 7 70 70
e04-103 242 5 prt 7 6 73 62
e04-109 242 4 prt 7 6 67 58
e04-114 242 4 prt 8 7 81 69
e04-119 243 4 prt 6 4 63 48
e04-124 243 2 prt 7 4 74 40
e04-127 243 4 prt 7 5 68 51
e04-132 241 1 all 5 5 37 37
e06-000 206 2 prt 8 7 59 52
e06-003 204 2 prt 11 6 76 38
e06-006 202 3 all 11 11 78 78
e06-010 203 4 all 8 8 81 81
e06-015 204 5 prt 10 8 65 50
e06-021 206 4 all 11 11 84 84
e06-026 205 3 prt 10 9 57 52
e06-030 204 2 prt 11 7 85 53
e06-033 207 3 prt 10 9 96 85
e06-037 202 3 all 11 11 84 84
e06-041 202 4 all 10 10 71 71
e06-046 203 2 prt 6 3 74 35
e06-049 205 3 prt 10 7 74 49
e06-053 208 3 all 9 9 72 72
e06-070 207 4 prt 10 8 84 69
e07-000 085 2 prt 7 6 61 52
e07-003 244 3 prt 10 7 78 56
e07-007 245 4 all 8 8 70 70
e07-012 246 3 prt 12 10 84 68
e07-061 246 4 all 11 11 90 90
e07-066 246 2 all 9 9 66 66
e07-072 246 3 prt 12 11 91 81
e07-076 247 2 prt 10 9 80 73
e07-079 247 3 prt 11 9 78 63
e07-083 247 2 all 11 11 83 83
e07-086 247 3 all 10 10 73 73
e07-090 247 3 prt 10 9 73 64
e07-094 248 3 prt 9 7 76 63
e07-098 248 2 all 10 10 87 87
e07-101 248 3 all 11 11 94 94
e07-105 248 2 all 8 8 57 57
e07-108 248 3 prt 11 10 85 78
e07-112 249 2 all 6 6 45 45
f01-053 250 4 prt 9 6 71 49
f01-058 250 3 all 10 10 74 74
f01-066 251 3 prt 10 5 118 57
f01-070 252 4 prt 9 7 85 68
f01-075 253 5 all 11 11 89 89
f01-081 254 3 prt 7 2 63 20
f01-085 254 3 prt 7 4 74 36
f01-135 255 3 all 11 11 57 57
f01-139 217 3 prt 8 7 76 63
f01-143 256 3 prt 7 6 66 56
f01-147 256 3 all 9 9 84 84
f02-000 257 2 prt 9 6 71 48
f02-003 258 2 all 6 6 55 55
f02-017 259 2 all 9 9 79 79
f02-020 260 3 all 8 8 82 82
f02-030 261 2 prt 7 5 67 44
f02-033 259 3 prt 12 9 87 70
f02-036 262 1 prt 9 8 80 68
f02-038 263 1 prt 11 8 75 56
f02-040 264 3 prt 10 9 81 72
f02-044 265 3 prt 11 10 115 106
f02-076 266 3 all 10 10 72 72
f03-169 267 4 all 7 7 69 69
f03-174 268 7 all 6 6 69 69
f03-182 269 8 prt 8 6 84 70
f03-191 270 9 all 7 7 69 69
f04-004 272 2 all 8 8 69 69
f04-007 273 3 prt 7 6 62 53
f04-011 272 4 prt 11 10 102 92
f04-016 272 3 prt 8 7 70 61
f04-020 274 3 all 6 6 77 77
f04-024 275 3 prt 8 6 74 57
f04-028 275 3 prt 11 8 102 74
f04-032 276 2 prt 10 7 91 57
f04-035 276 3 prt 6 5 58 46
f04-039 277 3 prt 9 7 75 57
f04-043 277 2 prt 8 5 67 41
f04-046 278 2 prt 6 5 63 52
f04-049 278 3 prt 7 6 90 77
f04-053 279 3 prt 7 6 70 60
f04-057 279 3 all 10 10 79 79
f04-061 280 2 prt 8 7 69 59
f04-064 280 3 prt 9 8 74 65
f04-068 281 2 prt 8 5 70 42
f04-071 281 2 prt 10 5 89 43
f04-074 282 4 prt 12 9 115 83
f04-079 282 3 all 11 11 96 96
f04-083 283 3 prt 10 5 108 52
f04-087 283 2 all 6 6 68 68
f04-093 193 2 prt 10 9 76 70
f04-096 193 3 all 11 11 71 71
f04-100 193 2 all 11 11 75 75
f07-000 285 1 prt 9 6 59 38
f07-000b 286 1 all 7 7 57 57
f07-002 286 3 all 9 9 76 76
f07-006 286 2 all 7 7 59 59
f07-009 286 3 prt 10 8 87 68
f07-013 287 2 prt 11 9 77 59
f07-016 287 2 prt 11 7 91 59
f07-019a 288 1 prt 9 6 71 44
f07-019b 287 1 all 11 11 69 69
f07-021a 288 2 prt 8 5 80 46
f07-021b 287 2 prt 10 7 80 58
f07-024a 288 3 prt 9 5 81 37
f07-024b 287 3 prt 11 8 82 54
f07-028a 288 3 prt 10 9 89 77
f07-028b 289 3 all 12 12 89 89
f07-032a 288 3 prt 11 7 86 53
f07-032b 289 3 prt 12 10 88 74
f07-036 289 2 all 9 9 63 63
f07-039a 285 2 prt 7 6 47 38
f07-039b 289 2 prt 9 7 64 47
f07-042a 285 3 prt 8 7 62 52
f07-042b 289 3 all 8 8 62 62
f07-046a 285 3 prt 10 6 82 44
f07-046b 290 3 all 9 9 82 82
f07-069 291 3 all 10 10 93 93
f07-073 291 2 prt 10 9 92 83
f07-076a 292 4 prt 11 10 71 64
f07-081a 292 2 all 11 11 66 66
f07-096 293 4 all 7 7 74 74
f07-081b 291 2 all 7 7 66 66
f07-084a 292 3 all 11 11 82 82
f07-084b 291 3 prt 9 8 95 85
f07-088a 292 3 prt 10 9 66 61
f07-088b 293 3 all 7 7 66 66
f07-092a 292 3 all 9 9 67 67
f07-092b 293 3 prt 7 6 68 56
f07-101a 294 1 all 8 8 52 52
f07-101b 293 1 all 5 5 52 52
g01-000 217 3 all 9 9 79 79
g01-004 295 3 all 6 6 56 56
g01-008 295 3 all 9 9 87 87
g01-012 296 3 all 7 7 57 57
g01-016 296 2 all 8 8 66 66
g01-019 296 2 prt 10 9 80 71
g01-022 297 2 all 10 10 60 60
g01-025 297 1 all 10 10 66 66
g01-027 297 3 prt 10 9 67 59
g01-031 298 2 prt 11 10 83 77
g01-034 298 2 all 9 9 78 78
g01-037 298 1 all 10 10 76 76
g01-039 299 3 all 10 10 85 85
g01-043 299 1 prt 10 8 80 64
g01-045 299 2 prt 10 9 83 76
g01-067 300 2 all 10 10 82 82
g01-070 300 3 all 10 10 74 74
g01-074 300 4 all 10 10 79 79
g01-083 301 4 prt 11 10 115 102
g01-088 302 2 prt 10 7 79 55
g02-059 303 2 all 8 8 85 85
g02-062 304 2 all 10 10 93 93
g02-065 305 3 prt 10 9 75 68
g02-073 307 1 prt 6 2 46 16
g03-000 308 4 prt 10 6 81 41
g03-004 309 3 prt 6 1 70 13
g03-016 310 1 prt 9 7 75 61
g03-032 312 3 prt 8 7 72 63
g03-040 313 2 prt 8 5 71 40
g03-043 314 5 prt 11 7 78 50
g03-049 315 2 prt 8 7 62 55
g03-052 316 5 prt 11 10 90 81
g03-058 317 1 prt 8 7 63 54
g03-064 318 1 prt 8 6 63 48
g04-003 239 3 prt 9 8 65 58
g04-007 273 3 all 8 8 69 69
g04-011 273 2 all 9 9 72 72
g04-014 273 2 all 6 6 50 50
g04-017 274 4 all 8 8 99 99
g04-022 319 3 all 8 8 70 70
g04-026 274 5 all 7 7 90 90
g04-032 274 3 prt 6 5 69 56
g04-036 320 2 prt 8 5 83 52
g04-039 320 3 prt 8 6 80 55
g04-043 321 4 prt 9 8 94 82
g04-048 321 3 prt 8 7 68 57
g04-052 322 2 prt 7 6 64 53
g04-055 323 4 prt 10 8 81 65
g04-060 324 2 prt 7 6 78 65
g04-063 324 4 prt 10 7 111 74
g04-068 325 3 prt 10 5 112 53
g04-072 325 4 prt 9 6 82 52
g04-077 326 3 prt 7 6 74 72
g04-081 327 2 prt 6 5 65 60
g04-088 328 3 prt 12 9 94 70
g04-092 328 2 prt 11 4 84 30
g04-095 273 2 prt 9 7 73 55
g04-098 329 2 prt 7 5 61 45
g04-101 329 2 prt 7 6 57 50
g04-104 330 3 all 9 9 91 91
g04-108 330 1 all 3 3 23 23
g05-087 331 2 prt 7 6 60 49
g05-094 119 3 all 10 10 82 82
g05-098 118 2 all 7 7 83 83
g06-011a 332 6 all 11 11 111 111
g06-011b 333 6 all 11 11 100 100
g06-011c 334 6 all 10 10 109 109
g06-011e 336 6 all 9 9 109 109
g06-011f 337 6 all 8 8 109 109
g06-011g 338 6 all 9 9 109 109
g06-011h 339 6 prt 10 8 109 86
g06-011i 340 6 prt 9 7 109 82
g06-011j 341 6 prt 11 9 109 87
g06-011k 342 6 all 11 11 109 109
g06-011l 343 6 prt 9 6 109 68
g06-011m 344 6 prt 10 9 109 95
g06-011n 345 6 prt 11 8 87 58
g06-011o 346 6 all 11 11 110 110
g06-011p 347 6 prt 9 8 109 93
g06-011r 348 6 all 9 9 109 109
g06-018a 332 3 all 8 8 85 85
g06-018b 333 3 prt 10 8 85 68
g06-018c 334 3 prt 8 7 85 78
g06-018d 335 3 prt 8 6 85 64
g06-018e 336 3 all 7 7 85 85
g06-018f 337 3 all 6 6 85 85
g06-018g 338 3 prt 7 6 85 70
g06-018h 339 3 prt 8 6 85 64
g06-018i 340 3 prt 7 6 85 73
g06-018j 341 3 all 9 9 85 85
g06-018k 342 3 prt 8 7 86 74
g06-018l 343 3 prt 7 5 85 60
g06-018m 344 3 all 8 8 85 85
g06-018n 345 3 prt 11 10 77 70
g06-018o 346 3 all 10 10 86 86
g06-018p 347 3 all 8 8 85 85
g06-018r 348 3 prt 7 5 85 58
g06-026a 332 4 prt 7 6 64 51
g06-026b 333 4 prt 9 8 64 56
g06-026c 334 4 all 6 6 64 64
g06-026d 335 4 all 6 6 66 66
g06-026e 336 4 all 6 6 64 64
g06-026f 337 4 prt 5 4 64 50
g06-026g 338 4 all 5 5 64 64
g06-026h 339 4 prt 6 4 64 45
g06-026i 340 4 all 6 6 64 64
g06-026j 341 4 prt 7 5 64 44
g06-026k 342 4 all 7 7 64 64
g06-026l 343 4 all 6 6 64 64
g06-026m 344 4 all 7 7 64 64
g06-026n 345 4 prt 8 7 65 55
g06-026o 346 4 all 8 8 65 65
g06-026p 347 4 all 6 6 64 64
g06-026r 348 4 prt 6 5 64 55
g06-031a 332 5 prt 9 6 85 63
g06-031b 333 5 prt 11 10 85 81
g06-031c 334 5 prt 8 7 86 79
g06-031d 335 5 prt 8 7 85 75
g06-031e 336 5 prt 7 6 86 73
g06-031f 337 5 all 6 6 85 85
g06-031g 338 5 all 7 7 85 85
g06-031h 339 5 prt 9 6 85 64
g06-031i 340 5 prt 7 5 85 57
g06-031j 341 5 prt 10 7 85 53
g06-031k 342 5 all 9 9 85 85
g06-031l 343 5 prt 7 6 85 72
g06-031m 344 5 all 9 9 85 85
g06-031n 345 5 prt 11 9 86 73
g06-031o 346 5 all 11 11 86 86
g06-031p 347 5 prt 8 7 86 82
g06-031r 348 5 prt 8 6 85 72
g06-037b 333 4 all 10 10 77 77
g06-037c 334 4 prt 11 10 93 85
g06-037d 335 4 all 10 10 95 95
g06-037e 336 4 all 9 9 94 94
g06-037f 337 4 all 8 8 93 93
g06-037g 338 4 all 9 9 93 93
g06-037h 339 4 all 11 11 94 94
g06-037i 340 4 all 10 10 93 93
g06-037j 341 4 prt 11 10 89 81
g06-037k 342 4 all 10 10 93 93
g06-037l 343 4 prt 10 9 93 85
g06-037m 344 4 all 11 11 93 93
g06-037n 345 4 prt 11 8 81 58
g06-037o 346 4 prt 11 10 83 76
g06-037p 347 4 prt 10 9 93 85
g06-037r 348 4 all 10 10 93 93
g06-042a 332 2 all 7 7 58 58
g06-042b 333 2 all 8 8 58 58
g06-042c 334 2 prt 6 5 58 45
g06-042d 335 2 prt 5 4 58 44
g06-042e 336 2 all 6 6 58 58
g06-042f 337 2 prt 5 4 58 53
g06-042g 338 2 all 5 5 58 58
g06-042h 339 2 prt 7 6 58 45
g06-042i 340 2 all 5 5 58 58
g06-042j 341 2 prt 7 6 58 48
g06-042k 342 2 all 6 6 58 58
g06-042l 343 2 prt 5 4 58 46
g06-042m 344 2 all 7 7 58 58
g06-042n 345 2 prt 8 6 58 46
g06-042o 346 2 prt 8 6 59 44
g06-042p 347 2 all 6 6 58 58
g06-042r 348 2 prt 6 5 58 47
g06-045a 332 1 all 8 8 64 64
g06-045b 333 1 all 10 10 64 64
g06-045c 334 1 prt 7 6 64 54
g06-045d 335 1 prt 7 6 64 53
g06-045e 336 1 prt 7 5 64 44
g06-045f 337 1 prt 6 5 64 51
g06-045g 338 1 all 6 6 64 64
g06-045h 339 1 prt 8 5 64 35
g06-045i 340 1 prt 7 6 64 60
g06-045j 341 1 all 9 9 65 65
g06-045k 342 1 prt 7 6 64 54
g06-045l 343 1 all 7 7 64 64
g06-045m 344 1 all 9 9 64 64
g06-045n 345 1 all 10 10 65 65
g06-045o 346 1 all 10 10 66 66
g06-045p 347 1 all 7 7 64 64
g06-045r 348 1 prt 7 6 64 54
g06-047a 332 2 prt 8 6 67 51
g06-047b 333 2 all 8 8 66 66
g06-047c 334 2 prt 8 7 66 56
g06-047d 335 2 all 7 7 66 66
g06-047e 336 2 all 6 6 66 66
g06-047f 337 2 prt 6 5 66 63
g06-047g 338 2 prt 6 5 66 57
g06-047h 339 2 prt 7 6 66 55
g06-047i 340 2 prt 7 6 66 57
g06-047j 341 2 all 9 9 66 66
g06-047k 342 2 prt 8 6 66 47
g06-047l 343 2 prt 7 6 66 59
g06-047m 344 2 prt 9 8 66 57
g06-047n 345 2 prt 9 7 66 50
g06-047o 346 2 all 9 9 67 67
g06-047p 347 2 all 7 7 66 66
g06-047r 348 2 all 7 7 66 66
g06-050a 332 3 all 9 9 76 76
g06-050b 333 3 all 9 9 75 75
g06-050c 334 3 prt 9 8 76 68
g06-050d 335 3 prt 8 7 75 68
g06-050e 336 3 all 7 7 75 75
g06-050f 337 3 all 6 6 75 75
g06-050g 338 3 all 7 7 75 75
g06-050h 339 3 prt 8 7 75 65
g06-050i 340 3 prt 8 7 75 66
g06-050j 341 3 all 10 10 75 75
g06-050k 342 3 all 9 9 75 75
g06-050l 343 3 prt 8 7 75 67
g06-050m 344 3 prt 10 8 75 59
g06-050n 345 3 prt 11 8 72 54
g06-050o 346 3 prt 10 7 78 55
g06-050p 347 3 prt 7 6 75 66
g06-050r 348 3 all 8 8 75 75
g06-089 349 3 prt 10 7 84 54
g06-093 349 2 prt 8 7 76 67
g06-096 349 4 prt 7 5 76 54
g06-101 349 3 all 7 7 65 65
g06-105 349 3 all 7 7 62 62
g06-109 349 2 prt 8 6 76 62
g06-115 349 2 prt 5 4 48 39
g07-000a 294 2 prt 12 10 88 74
g07-000b 293 2 prt 10 9 92 82
g07-003a 294 3 prt 11 10 83 74
g07-003b 350 3 prt 10 6 103 58
g07-007a 294 2 all 11 11 78 78
g07-007b 350 2 prt 7 4 77 45
g07-010b 350 3 prt 10 4 98 36
g07-014 351 3 all 8 8 59 59
g07-014b 350 3 prt 5 4 59 50
g07-018a 351 3 prt 11 8 103 78
g07-022a 351 3 all 9 9 67 67
g07-022b 352 3 prt 7 6 67 56
g07-026a 351 1 all 10 10 82 82
g07-026b 352 1 all 9 9 82 82
g07-028a 351 1 prt 7 6 52 44
g07-028b 352 1 all 7 7 53 53
g07-030 352 3 all 10 10 81 81
g07-034 352 3 prt 7 6 62 52
g07-038 353 3 all 11 11 83 83
g07-042 353 1 all 10 10 87 87
g07-044 353 2 all 11 11 102 102
g07-047 353 2 all 11 11 101 101
g07-050 353 4 all 8 8 71 71
g07-065 354 3 all 9 9 62 62
g07-069a 354 1 all 9 9 67 67
g07-071a 354 2 prt 11 10 86 77
g07-074a 354 2 all 11 11 81 81
g07-077a 354 1 all 10 10 75 75
g07-079a 285 2 prt 12 6 89 46
g07-084 355 4 prt 8 5 97 63
h01-000 356 3 prt 11 8 83 59
h01-004 301 2 all 6 6 62 62
h01-007 356 2 prt 10 9 73 67
h01-010 357 3 prt 8 7 72 64
h01-014 357 3 prt 9 7 87 68
h01-018 357 1 prt 7 5 62 41
h01-024 359 2 prt 9 8 83 71
h01-027 360 2 prt 11 10 84 75
h01-030 361 3 all 10 10 57 57
h02-004 362 3 all 10 10 81 81
h02-008 363 3 prt 7 5 68 46
h02-012 364 4 prt 10 8 75 58
h02-017 365 1 all 8 8 66 66
h02-019 366 2 prt 9 6 84 53
h02-022 367 1 prt 9 6 81 53
h02-024 368 3 all 8 8 65 65
h02-028 369 3 all 9 9 79 79
h02-035 370 1 prt 10 7 91 57
h02-037 371 2 prt 10 9 62 56
h02-040 372 2 prt 10 7 75 52
h02-043 373 2 prt 10 6 68 35
h02-049 375 2 prt 8 5 79 53
h04-000 239 2 all 10 10 70 70
h04-007 330 2 prt 9 6 88 56
h04-021 330 3 prt 9 8 84 75
h04-025 274 2 all 7 7 89 89
h04-028 376 2 prt 11 6 81 34
h04-035 377 3 prt 8 3 79 27
h04-049 378 2 prt 10 6 84 41
h04-052 379 2 prt 10 7 100 68
h04-055 379 1 prt 9 7 69 52
h04-057 380 3 all 10 10 76 76
h04-061 380 2 all 11 11 87 87
h04-071 382 2 prt 6 5 72 60
h04-074 382 3 prt 8 3 74 24
h04-078 383 3 prt 7 5 71 48
h04-082 383 3 prt 12 6 128 63
h05-012 118 2 all 7 7 74 74
h06-000 349 2 all 8 8 71 71
h06-003 349 3 prt 11 10 97 89
h06-079 384 2 prt 9 6 65 46
h06-082 384 2 prt 11 8 92 60
h06-085 384 3 prt 11 10 76 69
h06-089 384 2 prt 12 11 90 87
h06-092 384 3 prt 10 9 71 63
h06-096 384 1 prt 8 7 51 49
h07-000 355 2 all 7 7 62 62
h07-003 355 3 all 10 10 96 96
h07-007 355 3 prt 10 8 95 78
h07-011 355 1 all 6 6 56 56
h07-013 385 3 prt 11 9 85 70
h07-017 385 2 prt 10 9 80 76
h07-020 385 2 prt 9 7 67 51
h07-023 385 1 all 9 9 71 71
h07-025 386 2 all 11 11 65 65
h07-025a 385 2 all 10 10 73 73
h07-028 386 1 all 11 11 59 59
h07-028a 387 1 all 9 9 61 61
h07-030 386 2 all 10 10 48 48
h07-030a 387 2 all 10 10 73 73
h07-033 386 3 all 10 10 60 60
h07-033a 387 3 all 11 11 94 94
h07-037 386 2 prt 10 9 58 52
h07-037a 387 2 all 8 8 58 58
h07-040 388 3 prt 11 10 78 72
h07-040b 387 3 prt 11 10 88 80
h07-044a 388 2 all 9 9 53 53
h07-051b 388 2 all 11 11 77 77
h07-054a 389 2 prt 9 7 72 56
h07-057a 389 2 all 8 8 68 68
h07-060a 389 2 prt 9 7 81 64
h07-060b 390 2 prt 10 8 80 64
h07-063a 389 2 prt 9 8 90 83
h07-063b 390 2 all 10 10 81 81
h07-066a 389 2 all 7 7 64 64
h07-066b 390 2 all 8 8 64 64
h07-069 391 1 prt 8 7 59 51
h07-069a 390 1 prt 6 3 59 29
h07-071 391 3 prt 10 9 78 69
h07-071a 390 3 all 10 10 82 82
h07-075 391 2 prt 8 7 69 60
h07-075a 392 2 prt 8 3 71 22
h07-078 391 1 all 10 10 72 72
h07-078a 392 1 prt 9 2 73 12
h07-080 391 3 all 10 10 77 77
h07-080a 392 3 prt 10 2 98 21
h07-084 392 2 prt 10 1 94 11
h07-087 393 1 all 3 3 28 28
j01-042 394 2 prt 10 7 86 63
j01-045 394 3 prt 10 9 75 69
j01-049 395 2 all 8 8 49 49
j01-059 396 3 all 11 11 84 84
j01-063 397 2 prt 8 6 59 44
j01-066 398 3 prt 12 9 108 81
j01-070 399 2 prt 7 6 53 46
j04-008 400 3 prt 9 6 78 46
j04-012 401 2 prt 10 7 68 47
j04-015 402 3 prt 9 7 69 53
j04-019 403 4 prt 11 10 78 70
j04-024 403 3 prt 10 9 76 67
j04-035 405 3 all 10 10 69 69
j04-039 404 2 prt 9 8 76 66
j04-046 405 2 all 11 11 73 73
j04-053 407 3 all 7 7 65 65
j04-061 408 3 all 7 7 71 71
j04-065 408 4 prt 9 6 83 61
j04-070 409 5 prt 11 8 95 69
j04-076 409 1 all 6 6 40 40
j04-080 410 4 prt 9 8 61 52
j04-094 411 3 prt 9 6 68 50
j04-098 412 4 prt 11 8 71 49
j04-103 413 4 prt 7 6 65 55
j04-111 414 3 prt 10 8 72 59
j04-115 414 2 prt 8 7 54 47
j06-000 384 4 all 11 11 79 79
j06-005 384 2 all 10 10 75 75
j06-008 384 5 prt 11 8 72 53
j06-014 384 3 all 12 12 87 87
j06-018 415 3 prt 11 10 67 61
j06-022 415 3 prt 11 7 61 39
j06-026 415 2 prt 10 9 56 51
j06-030 415 3 all 11 11 54 54
j06-034 415 3 prt 11 9 54 44
j06-051 415 4 prt 11 9 71 57
j06-056 415 3 prt 11 9 64 53
j07-000 393 4 all 8 8 65 65
j07-005 416 3 prt 9 3 81 26
j07-009 393 2 all 8 8 71 71
j07-012 393 2 prt 9 8 70 62
j07-015 393 4 prt 7 5 57 39
k01-051 417 3 all 10 10 86 86
k02-018 418 4 all 8 8 62 62
k02-023 419 6 prt 7 6 78 76
k02-029 420 6 prt 6 5 74 59
k02-036 421 8 prt 8 6 76 57
k02-053 422 4 prt 8 6 70 51
k02-062 423 4 prt 9 7 84 64
k02-067 424 8 prt 8 7 83 74
k02-076 425 6 prt 10 8 70 57
k02-093 426 3 all 6 6 59 59
k02-097 427 4 all 10 10 79 79
k02-102 428 4 prt 8 7 83 70
k02-112 429 4 all 7 7 64 64
k02-117 430 3 prt 10 5 89 41
k03-117 431 2 all 9 9 68 68
k03-138 432 5 prt 7 6 73 58
k03-144 433 9 prt 9 6 86 56
k03-152 434 4 prt 8 6 85 62
k03-157 435 6 prt 7 4 68 41
k03-164 436 5 prt 9 5 76 38
k03-180 420 7 prt 6 3 64 22
k04-000 439 4 prt 6 4 67 47
k04-005 406 4 prt 7 4 89 40
k04-010 440 3 prt 11 10 79 71
k04-014 441 2 prt 7 4 70 38
k04-017 239 4 prt 10 8 83 67
k04-022 240 5 prt 8 5 77 47
k04-028 442 4 prt 8 5 75 43
k04-033 442 5 prt 9 8 80 69
k04-039 439 10 prt 8 6 94 64
k04-050 443 3 prt 7 5 68 50
k04-054 443 2 prt 10 9 81 72
k04-057 444 3 prt 8 3 73 28
k04-061 444 2 prt 9 5 84 48
k04-064 445 3 all 6 6 57 57
k04-068 445 6 all 9 9 92 92
k04-075 446 3 prt 8 6 71 52
k04-079 446 5 prt 11 8 82 60
k04-085 447 7 prt 8 5 85 53
k04-093 447 5 prt 9 5 90 46
k04-099 448 3 all 7 7 59 59
k04-103 448 2 prt 8 6 74 57
k04-106 449 3 prt 7 5 66 49
k04-110 450 4 prt 11 9 81 68
k04-115 450 3 prt 8 6 60 49
k04-119 449 6 prt 7 4 73 38
k04-126 451 9 prt 7 3 84 39
k04-136 451 5 prt 9 4 96 37
k04-142 452 6 prt 7 6 81 64
k04-149 452 6 prt 7 2 77 17
k04-156 453 6 prt 7 1 89 12
k04-163 453 3 prt 8 7 92 78
k07-059a 454 3 all 9 9 91 91
k07-063a 454 3 all 7 7 70 70
k07-067a 454 9 prt 6 5 63 52
k07-077 454 7 prt 7 6 77 66
k07-085 454 11 prt 7 6 86 73
k07-122 455 2 all 9 9 68 68
k07-125 455 8 all 7 7 69 69
k07-134 455 6 prt 8 7 66 57
k07-141 455 4 all 8 8 65 65
k07-146 455 5 all 9 9 72 72
k07-152 456 5 all 8 8 59 59
k07-158 456 7 prt 9 8 69 59
k07-166 456 9 prt 10 8 79 62
k07-176 456 8 all 12 12 81 81
k07-185 456 3 prt 12 9 78 58
l01-000 457 6 prt 11 6 78 39
l01-007 458 8 prt 6 5 61 54
l01-016 458 6 prt 7 6 69 54
l01-023 458 6 prt 7 4 64 36
l01-030 459 6 prt 9 6 69 42
l01-050 460 7 prt 9 8 78 68
l01-065 461 3 prt 12 4 71 18
l01-082 462 6 prt 5 3 77 40
l01-095 463 4 prt 9 8 86 77
l01-105 464 5 all 11 11 75 75
l01-111 465 7 all 9 9 81 81
l01-119 466 9 prt 8 5 93 44
l01-129 467 3 prt 8 6 63 44
l01-133 468 4 prt 9 7 80 57
l01-143 469 4 prt 7 6 60 54
l01-157 470 8 all 8 8 86 86
l01-173 471 5 prt 8 6 85 67
l01-179 472 7 prt 9 8 75 64
l01-187 473 7 all 11 11 90 90
l01-195 474 3 prt 8 7 74 63
l01-199 475 4 prt 11 9 95 70
l03-000 476 3 prt 8 4 50 27
l03-004 477 3 all 10 10 80 80
l03-008 478 3 prt 10 8 75 63
l04-000 479 4 prt 5 3 50 27
l04-005 480 6 all 7 7 82 82
l04-012 480 7 all 8 8 77 77
l04-020 481 5 prt 7 5 91 57
l04-026 481 7 prt 8 2 103 29
l04-034 482 8 prt 9 7 86 66
l04-043 482 8 prt 9 5 82 43
l04-052 483 9 prt 9 4 96 36
l04-062 483 3 prt 10 9 64 56
l04-066 484 4 all 8 8 84 84
l04-071 484 5 prt 9 8 100 92
l04-082 485 5 prt 9 8 72 69
l04-087 486 5 all 6 6 60 60
l04-093 486 4 prt 8 6 84 56
l04-098 487 3 prt 8 4 62 30
l04-102 487 3 all 9 9 66 66
l04-106 488 6 prt 7 6 81 69
l04-113 488 4 prt 6 5 71 56
l04-118 489 5 prt 8 6 74 48
l04-124 489 5 all 10 10 85 85
l04-130 490 5 prt 10 5 95 48
l04-136 490 4 prt 8 4 78 36
l04-141 491 5 prt 7 6 74 62
l04-147 491 5 prt 6 3 73 28
l04-153 492 5 prt 8 5 77 48
l04-159 492 3 prt 9 8 82 70
l04-163 493 6 prt 9 6 80 60
l04-170 493 3 all 8 8 64 64
l04-174 494 4 prt 6 4 61 39
l04-179 494 4 prt 8 7 77 69
l07-052 495 5 prt 5 3 70 38
l07-065 495 4 prt 5 4 69 56
l07-074 495 5 prt 6 4 74 47
l07-080 496 4 all 10 10 72 72
l07-085 496 7 prt 9 7 76 55
l07-103 496 7 prt 8 4 69 33
l07-111 496 6 prt 12 10 85 62
l07-118 497 5 prt 7 6 62 50
l07-131 497 3 all 8 8 61 61
l07-135 497 2 prt 9 8 73 62
l07-138 497 2 all 7 7 56 56
l07-172 498 3 all 11 11 89 89
l07-176 498 4 prt 7 5 75 52
l07-181 498 5 prt 9 7 84 62
l07-187 498 2 prt 9 7 76 56
l07-190 498 3 prt 5 3 60 30
m01-000 499 4 prt 8 6 62 47
m01-012 500 4 prt 11 10 76 71
m01-017 501 4 prt 8 7 61 54
m01-022 502 3 all 6 6 61 61
m01-026 503 5 all 8 8 83 83
m01-032 504 5 prt 9 8 90 88
m01-038 505 3 prt 10 9 71 65
m01-049 506 4 prt 12 10 80 67
m01-060 508 5 prt 8 6 68 49
m01-079 509 4 prt 7 5 66 46
m01-084 510 5 prt 8 7 60 51
m01-090 511 4 all 8 8 81 81
m01-095 512 4 prt 8 7 61 54
m01-100 364 3 all 7 7 67 67
m01-104 513 5 all 8 8 83 83
m01-110 514 4 prt 12 10 85 71
m01-115 515 5 all 9 9 74 74
m01-121 513 3 prt 9 8 73 71
m01-125 516 5 prt 11 10 81 74
m01-131 514 4 prt 7 4 66 36
m01-136 517 3 prt 11 9 71 55
m01-149 518 5 prt 8 7 91 79
m01-160 519 2 all 7 7 52 52
m02-048 520 3 prt 11 10 102 93
m02-052 521 2 prt 7 5 65 48
m02-055 522 4 prt 11 10 83 77
m02-059 523 3 prt 7 5 70 52
m02-066 524 2 prt 6 4 65 47
m02-069 525 2 prt 9 6 96 68
m02-072 526 2 prt 7 6 80 67
m02-075 527 4 prt 8 7 63 54
m02-080 528 3 prt 10 9 80 69
m02-083 529 3 prt 12 10 116 96
m02-087 530 2 all 8 8 70 70
m02-090 531 4 prt 11 9 117 94
m02-095 532 3 all 10 10 75 75
m02-102 533 3 prt 11 7 74 52
m02-106 527 2 prt 10 8 92 73
m02-109 534 2 prt 9 4 77 32
m02-112 535 2 prt 6 5 54 42
m03-006 536 6 prt 10 6 88 51
m03-013 537 6 prt 7 4 67 45
m03-020 538 6 prt 6 5 68 54
m03-033 539 6 prt 8 6 71 47
m03-062 540 1 prt 9 8 66 58
m03-095 541 2 all 9 9 59 59
m03-110 542 3 prt 10 7 83 61
m03-114 542 3 all 10 10 81 81
m03-118 543 3 all 6 6 65 65
m04-000 544 6 prt 8 6 64 47
m04-007 544 4 prt 10 7 82 58
m04-012 544 6 all 10 10 79 79
m04-019 544 4 all 8 8 73 73
m04-024 544 5 all 8 8 69 69
m04-030 545 7 prt 5 4 85 64
m04-038 545 4 all 6 6 69 69
m04-043 545 9 prt 5 1 83 13
m04-061 545 10 prt 5 2 87 29
m04-072 546 5 all 11 11 90 90
m04-078 546 2 prt 8 6 66 44
m04-081 546 11 prt 11 9 96 75
m04-093 546 6 all 10 10 83 83
m04-100 546 6 prt 8 7 73 64
m04-107 547 5 all 11 11 71 71
m04-113 547 9 all 11 11 93 93
m04-123 547 7 all 11 11 85 85
m04-131 547 6 prt 9 8 64 54
m04-138 547 6 prt 10 9 76 67
m04-145 548 6 all 8 8 76 76
m04-152 548 11 prt 8 5 83 58
m04-164 548 15 prt 8 6 96 74
m04-180 548 9 prt 8 6 83 69
m04-190 549 9 prt 10 9 101 89
m04-200 549 8 prt 8 6 70 54
m04-209 549 6 all 7 7 64 64
m04-216 549 5 all 7 7 66 66
m04-222 549 8 prt 8 7 81 70
m04-231 550 6 prt 7 6 68 58
m04-238 550 7 prt 6 5 73 64
m04-246 550 4 all 7 7 78 78
m04-251 548 2 all 3 3 22 22
m06-019 551 11 all 8 8 82 82
m06-031 552 10 prt 7 5 92 67
m06-042 552 5 prt 6 5 61 49
m06-048 552 7 prt 8 4 93 45
m06-056 552 10 all 6 6 70 70
m06-067 552 8 prt 7 6 83 76
m06-076 552 6 prt 7 6 69 60
m06-083 552 7 all 8 8 83 83
m06-091 552 6 prt 7 5 78 55
m06-098 552 7 all 7 7 72 72
m06-106 552 5 all 10 10 92 92
n01-000 553 3 prt 8 7 73 67
n01-004 554 4 all 7 7 56 56
n01-009 553 5 prt 9 7 82 56
n01-020 555 4 prt 10 9 75 71
n01-031 555 4 prt 9 8 71 64
n01-036 556 3 all 6 6 60 60
n01-045 555 6 prt 10 7 86 57
n01-052 557 4 prt 13 2 116 17
n01-057 558 4 all 10 10 68 68
n02-000 559 3 all 8 8 72 72
n02-004 560 4 all 9 9 96 96
n02-009 560 6 prt 7 4 79 43
n02-016 559 7 prt 8 7 87 72
n02-028 561 4 prt 10 3 96 30
n02-033 562 3 all 10 10 69 69
n02-037 562 2 prt 9 8 63 57
n02-040 563 4 all 8 8 79 79
n02-045 563 3 prt 9 8 84 73
n02-049 561 4 prt 6 2 63 18
n02-054 564 7 prt 10 9 88 79
n02-062 565 5 all 8 8 70 70
n02-082a 566 7 prt 7 6 71 59
n02-098 567 5 prt 8 6 73 56
n02-104 315 4 prt 8 6 75 59
n02-109 315 4 all 8 8 67 67
n02-114 315 5 prt 10 8 77 60
n02-120 315 6 all 8 8 69 69
n02-127 315 5 prt 8 5 79 45
n02-146 081 4 prt 7 5 98 77
n02-151 568 2 prt 11 8 79 58
n02-154 569 2 prt 7 5 69 51
n02-157 570 5 all 9 9 87 87
n03-038 571 2 prt 7 6 58 48
n03-064 572 1 prt 6 3 59 27
n03-066 573 5 prt 8 7 82 69
n03-079 574 2 all 7 7 59 59
n03-082 575 8 all 8 8 76 76
n03-091 576 5 prt 9 8 89 81
n03-097 577 5 prt 9 8 78 67
n03-103 577 2 all 10 10 69 69
n03-106 578 6 prt 12 10 95 80
n03-113 579 6 prt 10 9 74 61
n03-120 580 5 prt 10 9 79 70
n03-126 581 3 prt 5 4 49 37
n04-000 550 8 all 6 6 78 78
n04-009 550 5 prt 7 5 68 50
n04-015 582 6 prt 8 7 84 70
n04-022 582 8 prt 8 7 80 68
n04-031 582 7 prt 8 7 77 66
n04-039 582 4 prt 6 5 52 45
n04-044 582 3 prt 11 10 95 93
n04-048 583 3 prt 10 8 88 64
n04-052 583 7 prt 9 6 85 56
n04-060 583 7 prt 7 6 72 60
n04-068 583 6 prt 8 7 71 60
n04-075 583 8 prt 8 2 84 15
n04-084 584 7 prt 7 3 81 29
n04-092 584 7 prt 9 5 86 42
n04-100 584 6 prt 8 5 68 39
n04-107 584 6 prt 9 5 75 35
n04-114 584 15 prt 9 4 98 35
n04-130 585 8 prt 6 5 76 61
n04-139 585 9 prt 9 2 90 25
n04-149 585 6 prt 8 2 85 24
n04-156 585 6 prt 8 5 69 40
n04-163 585 7 prt 9 3 86 24
n04-171 586 11 all 7 7 80 80
n04-183 586 6 all 7 7 77 77
n04-190 586 4 prt 7 5 72 46
n04-195 586 6 prt 6 5 70 57
n04-202 587 6 all 9 9 94 94
n04-209 587 3 all 8 8 65 65
n04-213 587 4 all 8 8 74 74
n04-218 587 4 all 10 10 97 97
n06-074 588 7 prt 7 6 80 68
n06-082 588 9 prt 8 6 92 63
n06-092 588 7 prt 9 7 91 72
n06-100 588 10 prt 10 9 93 78
n06-111 588 7 prt 8 6 83 61
n06-119 588 3 all 7 7 55 55
n06-123 588 4 prt 11 10 96 86
n06-128 588 4 prt 9 7 69 57
n06-133 588 6 prt 9 7 94 74
n06-140 588 7 prt 8 6 82 59
n06-148 551 7 prt 9 7 93 72
n06-156 551 6 prt 8 7 73 63
n06-163 551 5 prt 10 7 92 65
n06-169 551 5 prt 9 4 85 38
n06-175 551 6 prt 10 7 89 54
n06-182 551 3 all 8 8 72 72
n06-186 551 7 prt 8 5 85 47
n06-194 551 6 prt 8 5 89 53
n06-201 551 4 prt 8 6 80 56
p01-147 589 7 prt 12 11 99 95
p01-155 590 5 prt 10 8 90 72
p01-168 591 5 prt 8 7 77 62
p01-174 592 6 prt 9 3 71 24
p02-000 593 7 prt 7 6 73 60
p02-008 594 4 all 11 11 70 70
p02-017 595 4 prt 8 6 69 51
p02-022 596 4 prt 9 7 82 65
p02-027 597 7 prt 5 4 78 64
p02-069 598 6 prt 10 6 88 46
p02-076 599 4 prt 11 10 82 76
p02-081 599 2 prt 10 9 83 76
p02-090 598 2 prt 9 8 64 58
p02-101 600 3 prt 8 7 69 60
p02-105 601 3 all 8 8 78 78
p02-109 602 6 prt 9 5 90 61
p02-115 603 5 all 9 9 78 78
p02-121 604 5 prt 6 2 63 26
p02-127 605 3 prt 7 4 88 47
p02-131 606 3 all 8 8 75 75
p02-135 607 3 all 9 9 69 69
p02-139 608 4 prt 6 4 71 54
p02-144 609 5 prt 12 10 92 75
p02-150 610 4 prt 9 3 103 24
p02-155 611 1 all 2 2 13 13
p03-004 612 4 prt 12 9 69 55
p03-009 613 2 prt 7 5 71 50
p03-012 614 2 prt 10 9 75 68
p03-023 615 3 prt 6 5 75 59
p03-027 616 1 prt 8 5 81 46
p03-029 617 3 prt 10 8 73 60
p03-033 618 6 prt 6 5 74 54
p03-040 619 6 prt 9 7 86 65
p03-047 620 9 prt 10 9 97 88
p03-057 567 11 prt 10 8 96 75
p03-069 621 2 all 7 7 81 81
p03-072 622 7 prt 8 7 86 81
p03-080 623 6 prt 7 4 69 32
p03-087 567 8 all 11 11 94 94
p03-096 567 6 all 10 10 88 88
p03-103 567 8 prt 8 6 75 56
p03-112 567 8 prt 10 9 96 84
p03-121 624 7 prt 7 4 82 43
p03-135 625 6 all 7 7 80 80
p03-142 626 8 prt 7 6 81 68
p03-151 627 6 prt 8 5 71 42
p03-158 628 4 prt 8 7 83 70
p03-163 629 9 prt 8 2 79 18
p03-173 630 7 prt 9 5 105 56
p03-181 631 3 prt 10 6 89 47
p03-185 632 3 prt 9 8 87 75
p03-189 633 2 all 5 5 30 30
p06-030 634 11 prt 9 3 72 23
p06-042 634 4 prt 11 5 64 29
p06-047 634 4 prt 11 6 67 39
p06-052 634 5 prt 9 6 61 40
p06-058 634 9 prt 11 9 73 57
p06-069 634 7 prt 11 5 78 37
p06-088 634 7 prt 10 6 80 46
p06-096 634 7 prt 11 5 75 34
p06-104 634 7 prt 10 6 77 45
p06-242 635 5 all 8 8 77 77
p06-248 635 4 all 5 5 51 51
r02-000 636 2 all 8 8 62 62
r02-003 637 2 all 6 6 61 61
r02-006 638 3 all 10 10 62 62
r02-010 639 2 prt 8 5 63 37
r02-013 640 3 prt 12 9 83 66
r02-038 641 7 prt 7 6 66 59
r02-054 642 5 prt 7 6 75 59
r02-060 643 4 prt 11 8 63 46
r02-065 644 4 all 8 8 81 81
r02-070 645 3 all 7 7 72 72
r02-078 647 2 prt 8 7 58 52
r02-081 648 8 prt 8 4 76 22
r02-089 649 6 prt 11 6 108 53
r02-109 650 7 prt 10 9 90 84
r02-117 651 9 prt 8 7 81 67
r02-127 652 3 all 6 6 58 58
r02-131 653 5 prt 6 4 69 43
r02-137 654 8 prt 9 4 80 33
r02-146 655 6 prt 6 2 51 19
r03-002 658 4 prt 10 8 75 59
r03-007 658 2 all 9 9 75 75
r03-026 659 3 prt 11 8 100 69
r03-030 660 4 prt 7 6 62 51
r03-035 661 5 prt 9 8 85 82
r03-050 662 2 all 7 7 70 70
r03-053 315 2 prt 9 6 76 48
r03-056 663 8 prt 8 6 104 75
r03-065 664 7 prt 8 6 81 57
r03-084 665 5 prt 10 4 102 32
r03-090 666 5 prt 7 6 81 62
r03-096 667 4 prt 7 5 74 55
r03-110 668 4 prt 10 9 108 95
r03-115 669 1 all 4 4 30 30
r06-000 635 2 prt 6 5 58 50
r06-003 635 3 prt 8 6 90 64
r06-007 635 3 prt 8 7 84 73
r06-011 635 6 prt 6 4 77 48
r06-018 635 3 prt 7 6 65 52
r06-022 635 4 all 8 8 78 78
r06-027 635 7 all 8 8 89 89
r06-035 670 5 prt 7 6 64 56
r06-041 670 2 prt 9 7 66 46
r06-044 670 4 prt 11 10 87 80
r06-049 670 3 all 11 11 80 80
r06-053 670 3 prt 10 9 74 65
r06-057 670 4 prt 9 6 71 49
r06-062 670 3 all 10 10 73 73
r06-066 670 3 prt 10 7 78 54
r06-070 670 5 prt 10 9 69 67
r06-076 670 2 prt 9 8 68 58
r06-090 671 6 all 11 11 82 82
r06-097 671 5 prt 11 10 78 70
r06-103 671 2 prt 8 6 58 44
r06-106 671 4 all 10 10 72 72
r06-111 671 3 prt 9 7 67 53
r06-115 671 5 prt 11 8 84 57
r06-121 671 4 all 11 11 84 84
r06-126 671 3 all 11 11 81 81
r06-130 671 6 prt 10 9 83 76
r06-137 671 5 all 11 11 96 96
r06-143 635 5 all 5 5 55 55
